10
0.0 0.0 0.0 0.0 0.0 0.0 0.0 0.0 0.0 0.0 0.0
0.0 0.0 0.04 0.0 0.0 -20.0 20.0 -30.0 30.0 5.0 10.0
0.0 -0.003 0.08 0.0 0.0 -10.0 10.0 -15.0 15.0 15.0 35.0
0.0 0.0 0.12 0.0 0.0 0.0 0.0 0.0 0.0 5.0 55.0
0.0 0.003 0.16 0.0 0.0 10.0 -10.0 15.0 -15.0 0.0 20.0
0.0 0.0 0.2 0.0 0.0 20.0 -20.0 30.0 -30.0 10.0 5.0
0.0 -0.003 0.24 0.0 0.0 10.0 -10.0 15.0 -15.0 35.0 15.0
0.0 0.0 0.28 0.0 0.0 0.0 0.0 0.0 0.0 55.0 5.0
0.0 0.003 0.32 0.0 0.0 -10.0 10.0 -15.0 15.0 20.0 0.0
0.0 0.0 0.36 0.0 0.0 -20.0 20.0 -30.0 30.0 5.0 10.0